Lem-in is cleaned ...
[0;36mLibft is compiled[0m
[0;37mLem-in is compiled[0m
YO!
next:1 : current:0 - next:10011010 : current:01100000
next:3 : current:1 - next:01100010 : current:10011010
next:2 : current:3 - next:10011000 : current:01100010
next:4 : current:2 - next:01100100 : current:10011000
next:5 : current:4 - next:00001010 : current:01100100
next:6 : current:5 - next:01010100 : current:00001010
next:8 : current:6 - next:(null) : current:01010100
IN THE END|next:8 : current:6 - next:(null) : current:01010100|
IN THE END|next:6 : current:5 - next:01010100 : current:00001010|
IN THE END|next:5 : current:4 - next:00001010 : current:01100100|
IN THE END|next:4 : current:2 - next:01100100 : current:10011000|
next:5 : current:6 - next:00001010 : current:01010100
next:4 : current:5 - next:01100100 : current:00001010
next:2 : current:4 - next:10011000 : current:01100100
next:8 : current:2 - next:(null) : current:10011000
IN THE END|next:8 : current:2 - next:(null) : current:10011000|
next:8 : current:5 - next:(null) : current:00001010
IN THE END|next:8 : current:5 - next:(null) : current:00001010|
IN THE END|next:5 : current:4 - next:00001010 : current:01100100|
next:8 : current:6 - next:(null) : current:01010100
IN THE END|next:8 : current:6 - next:(null) : current:01010100|
IN THE END|next:6 : current:5 - next:01010100 : current:00001010|
IN THE END|next:5 : current:6 - next:00001010 : current:01010100|
IN THE END|next:6 : current:3 - next:01010100 : current:01100010|
next:2 : current:4 - next:10011000 : current:01100100
next:3 : current:2 - next:01100010 : current:10011000
next:6 : current:3 - next:01010100 : current:01100010
next:5 : current:6 - next:00001010 : current:01010100
next:8 : current:5 - next:(null) : current:00001010
IN THE END|next:8 : current:5 - next:(null) : current:00001010|
IN THE END|next:5 : current:6 - next:00001010 : current:01010100|
IN THE END|next:6 : current:3 - next:01010100 : current:01100010|
next:5 : current:4 - next:00001010 : current:01100100
next:6 : current:5 - next:01010100 : current:00001010
next:3 : current:6 - next:01100010 : current:01010100
next:8 : current:3 - next:(null) : current:01100010
IN THE END|next:8 : current:3 - next:(null) : current:01100010|
next:8 : current:5 - next:(null) : current:00001010
IN THE END|next:8 : current:5 - next:(null) : current:00001010|
IN THE END|next:5 : current:6 - next:00001010 : current:01010100|
IN THE END|next:6 : current:5 - next:01010100 : current:00001010|
IN THE END|next:5 : current:4 - next:00001010 : current:01100100|
IN THE END|next:4 : current:2 - next:01100100 : current:10011000|
next:6 : current:5 - next:01010100 : current:00001010
next:3 : current:6 - next:01100010 : current:01010100
next:2 : current:3 - next:10011000 : current:01100010
next:8 : current:2 - next:(null) : current:10011000
IN THE END|next:8 : current:2 - next:(null) : current:10011000|
next:8 : current:6 - next:(null) : current:01010100
IN THE END|next:8 : current:6 - next:(null) : current:01010100|
IN THE END|next:6 : current:3 - next:01010100 : current:01100010|
next:8 : current:5 - next:(null) : current:00001010
IN THE END|next:8 : current:5 - next:(null) : current:00001010|
IN THE END|next:5 : current:6 - next:00001010 : current:01010100|
IN THE END|next:6 : current:5 - next:01010100 : current:00001010|
IN THE END|next:5 : current:4 - next:00001010 : current:01100100|
next:3 : current:6 - next:01100010 : current:01010100
next:2 : current:3 - next:10011000 : current:01100010
next:4 : current:2 - next:01100100 : current:10011000
next:5 : current:4 - next:00001010 : current:01100100
next:8 : current:5 - next:(null) : current:00001010
IN THE END|next:8 : current:5 - next:(null) : current:00001010|
IN THE END|next:5 : current:4 - next:00001010 : current:01100100|
IN THE END|next:4 : current:2 - next:01100100 : current:10011000|
next:5 : current:6 - next:00001010 : current:01010100
next:4 : current:5 - next:01100100 : current:00001010
next:2 : current:4 - next:10011000 : current:01100100
next:8 : current:2 - next:(null) : current:10011000
IN THE END|next:8 : current:2 - next:(null) : current:10011000|
next:8 : current:5 - next:(null) : current:00001010
IN THE END|next:8 : current:5 - next:(null) : current:00001010|
IN THE END|next:5 : current:4 - next:00001010 : current:01100100|
next:8 : current:6 - next:(null) : current:01010100
IN THE END|next:8 : current:6 - next:(null) : current:01010100|
IN THE END|next:6 : current:5 - next:01010100 : current:00001010|
IN THE END|next:5 : current:6 - next:00001010 : current:01010100|
IN THE END|next:6 : current:3 - next:01010100 : current:01100010|
next:4 : current:5 - next:01100100 : current:00001010
next:2 : current:4 - next:10011000 : current:01100100
next:3 : current:2 - next:01100010 : current:10011000
next:8 : current:3 - next:(null) : current:01100010
IN THE END|next:8 : current:3 - next:(null) : current:01100010|
next:8 : current:4 - next:(null) : current:01100100
IN THE END|next:8 : current:4 - next:(null) : current:01100100|
IN THE END|next:4 : current:2 - next:01100100 : current:10011000|
next:8 : current:5 - next:(null) : current:00001010
IN THE END|next:8 : current:5 - next:(null) : current:00001010|
IN THE END|next:5 : current:4 - next:00001010 : current:01100100|
next:3 : current:6 - next:01100010 : current:01010100
next:2 : current:3 - next:10011000 : current:01100010
next:4 : current:2 - next:01100100 : current:10011000
next:8 : current:4 - next:(null) : current:01100100
IN THE END|next:8 : current:4 - next:(null) : current:01100100|
IN THE END|next:4 : current:2 - next:01100100 : current:10011000|
next:8 : current:6 - next:(null) : current:01010100
IN THE END|next:8 : current:6 - next:(null) : current:01010100|
IN THE END|next:6 : current:3 - next:01010100 : current:01100010|
next:4 : current:5 - next:01100100 : current:00001010
next:2 : current:4 - next:10011000 : current:01100100
next:3 : current:2 - next:01100010 : current:10011000
next:8 : current:3 - next:(null) : current:01100010
IN THE END|next:8 : current:3 - next:(null) : current:01100010|
next:8 : current:4 - next:(null) : current:01100100
IN THE END|next:8 : current:4 - next:(null) : current:01100100|
IN THE END|next:4 : current:2 - next:01100100 : current:10011000|
next:8 : current:5 - next:(null) : current:00001010
IN THE END|next:8 : current:5 - next:(null) : current:00001010|
IN THE END|next:5 : current:4 - next:00001010 : current:01100100|
next:3 : current:6 - next:01100010 : current:01010100
next:2 : current:3 - next:10011000 : current:01100010
next:4 : current:2 - next:01100100 : current:10011000
next:8 : current:4 - next:(null) : current:01100100
IN THE END|next:8 : current:4 - next:(null) : current:01100100|
IN THE END|next:4 : current:2 - next:01100100 : current:10011000|
next:8 : current:6 - next:(null) : current:01010100
IN THE END|next:8 : current:6 - next:(null) : current:01010100|
IN THE END|next:6 : current:3 - next:01010100 : current:01100010|
next:4 : current:5 - next:01100100 : current:00001010
next:2 : current:4 - next:10011000 : current:01100100
next:3 : current:2 - next:01100010 : current:10011000
next:8 : current:3 - next:(null) : current:01100010
IN THE END|next:8 : current:3 - next:(null) : current:01100010|
next:8 : current:4 - next:(null) : current:01100100
IN THE END|next:8 : current:4 - next:(null) : current:01100100|
IN THE END|next:4 : current:2 - next:01100100 : current:10011000|
next:8 : current:5 - next:(null) : current:00001010
IN THE END|next:8 : current:5 - next:(null) : current:00001010|
IN THE END|next:5 : current:4 - next:00001010 : current:01100100|
next:3 : current:6 - next:01100010 : current:01010100
next:2 : current:3 - next:10011000 : current:01100010
next:4 : current:2 - next:01100100 : current:10011000
next:8 : current:4 - next:(null) : current:01100100
IN THE END|next:8 : current:4 - next:(null) : current:01100100|
IN THE END|next:4 : current:2 - next:01100100 : current:10011000|
next:8 : current:6 - next:(null) : current:01010100
IN THE END|next:8 : current:6 - next:(null) : current:01010100|
IN THE END|next:6 : current:3 - next:01010100 : current:01100010|
next:4 : current:5 - next:01100100 : current:00001010
next:2 : current:4 - next:10011000 : current:01100100
next:3 : current:2 - next:01100010 : current:10011000
next:8 : current:3 - next:(null) : current:01100010
IN THE END|next:8 : current:3 - next:(null) : current:01100010|
next:8 : current:4 - next:(null) : current:01100100
IN THE END|next:8 : current:4 - next:(null) : current:01100100|
IN THE END|next:4 : current:2 - next:01100100 : current:10011000|
next:8 : current:5 - next:(null) : current:00001010
IN THE END|next:8 : current:5 - next:(null) : current:00001010|
IN THE END|next:5 : current:4 - next:00001010 : current:01100100|
next:3 : current:6 - next:01100010 : current:01010100
next:2 : current:3 - next:10011000 : current:01100010
next:4 : current:2 - next:01100100 : current:10011000
next:8 : current:4 - next:(null) : current:01100100
IN THE END|next:8 : current:4 - next:(null) : current:01100100|
IN THE END|next:4 : current:2 - next:01100100 : current:10011000|
next:8 : current:6 - next:(null) : current:01010100
IN THE END|next:8 : current:6 - next:(null) : current:01010100|
IN THE END|next:6 : current:3 - next:01010100 : current:01100010|
next:4 : current:5 - next:01100100 : current:00001010
next:2 : current:4 - next:10011000 : current:01100100
next:3 : current:2 - next:01100010 : current:10011000
next:8 : current:3 - next:(null) : current:01100010
IN THE END|next:8 : current:3 - next:(null) : current:01100010|
next:8 : current:4 - next:(null) : current:01100100
IN THE END|next:8 : current:4 - next:(null) : current:01100100|
IN THE END|next:4 : current:2 - next:01100100 : current:10011000|
next:8 : current:5 - next:(null) : current:00001010
IN THE END|next:8 : current:5 - next:(null) : current:00001010|
IN THE END|next:5 : current:4 - next:00001010 : current:01100100|
next:3 : current:6 - next:01100010 : current:01010100
next:2 : current:3 - next:10011000 : current:01100010
next:4 : current:2 - next:01100100 : current:10011000
next:8 : current:4 - next:(null) : current:01100100
IN THE END|next:8 : current:4 - next:(null) : current:01100100|
IN THE END|next:4 : current:2 - next:01100100 : current:10011000|
next:8 : current:6 - next:(null) : current:01010100
IN THE END|next:8 : current:6 - next:(null) : current:01010100|
IN THE END|next:6 : current:3 - next:01010100 : current:01100010|
next:4 : current:5 - next:01100100 : current:00001010
next:2 : current:4 - next:10011000 : current:01100100
next:3 : current:2 - next:01100010 : current:10011000
next:8 : current:3 - next:(null) : current:01100010
IN THE END|next:8 : current:3 - next:(null) : current:01100010|
next:8 : current:4 - next:(null) : current:01100100
IN THE END|next:8 : current:4 - next:(null) : current:01100100|
IN THE END|next:4 : current:2 - next:01100100 : current:10011000|
next:8 : current:5 - next:(null) : current:00001010
IN THE END|next:8 : current:5 - next:(null) : current:00001010|
IN THE END|next:5 : current:4 - next:00001010 : current:01100100|
next:3 : current:6 - next:01100010 : current:01010100
next:2 : current:3 - next:10011000 : current:01100010
next:4 : current:2 - next:01100100 : current:10011000
next:8 : current:4 - next:(null) : current:01100100
IN THE END|next:8 : current:4 - next:(null) : current:01100100|
IN THE END|next:4 : current:2 - next:01100100 : current:10011000|
next:8 : current:6 - next:(null) : current:01010100
IN THE END|next:8 : current:6 - next:(null) : current:01010100|
IN THE END|next:6 : current:3 - next:01010100 : current:01100010|
next:4 : current:5 - next:01100100 : current:00001010
next:2 : current:4 - next:10011000 : current:01100100
next:3 : current:2 - next:01100010 : current:10011000
next:8 : current:3 - next:(null) : current:01100010
IN THE END|next:8 : current:3 - next:(null) : current:01100010|
next:8 : current:4 - next:(null) : current:01100100
IN THE END|next:8 : current:4 - next:(null) : current:01100100|
IN THE END|next:4 : current:2 - next:01100100 : current:10011000|
next:8 : current:5 - next:(null) : current:00001010
IN THE END|next:8 : current:5 - next:(null) : current:00001010|
IN THE END|next:5 : current:4 - next:00001010 : current:01100100|
next:3 : current:6 - next:01100010 : current:01010100
next:2 : current:3 - next:10011000 : current:01100010
next:4 : current:2 - next:01100100 : current:10011000
next:8 : current:4 - next:(null) : current:01100100
IN THE END|next:8 : current:4 - next:(null) : current:01100100|
IN THE END|next:4 : current:2 - next:01100100 : current:10011000|
next:8 : current:6 - next:(null) : current:01010100
IN THE END|next:8 : current:6 - next:(null) : current:01010100|
IN THE END|next:6 : current:3 - next:01010100 : current:01100010|
next:4 : current:5 - next:01100100 : current:00001010
next:2 : current:4 - next:10011000 : current:01100100
next:3 : current:2 - next:01100010 : current:10011000
next:8 : current:3 - next:(null) : current:01100010
IN THE END|next:8 : current:3 - next:(null) : current:01100010|
next:8 : current:4 - next:(null) : current:01100100
IN THE END|next:8 : current:4 - next:(null) : current:01100100|
IN THE END|next:4 : current:2 - next:01100100 : current:10011000|
next:8 : current:5 - next:(null) : current:00001010
IN THE END|next:8 : current:5 - next:(null) : current:00001010|
IN THE END|next:5 : current:4 - next:00001010 : current:01100100|
next:3 : current:6 - next:01100010 : current:01010100
next:2 : current:3 - next:10011000 : current:01100010
next:4 : current:2 - next:01100100 : current:10011000
next:8 : current:4 - next:(null) : current:01100100
IN THE END|next:8 : current:4 - next:(null) : current:01100100|
IN THE END|next:4 : current:2 - next:01100100 : current:10011000|
next:8 : current:6 - next:(null) : current:01010100
IN THE END|next:8 : current:6 - next:(null) : current:01010100|
IN THE END|next:6 : current:3 - next:01010100 : current:01100010|
next:4 : current:5 - next:01100100 : current:00001010
next:2 : current:4 - next:10011000 : current:01100100
next:3 : current:2 - next:01100010 : current:10011000
next:8 : current:3 - next:(null) : current:01100010
IN THE END|next:8 : current:3 - next:(null) : current:01100010|
next:8 : current:4 - next:(null) : current:01100100
IN THE END|next:8 : current:4 - next:(null) : current:01100100|
IN THE END|next:4 : current:2 - next:01100100 : current:10011000|
next:8 : current:5 - next:(null) : current:00001010
IN THE END|next:8 : current:5 - next:(null) : current:00001010|
IN THE END|next:5 : current:4 - next:00001010 : current:01100100|
next:3 : current:6 - next:01100010 : current:01010100
next:2 : current:3 - next:10011000 : current:01100010
next:4 : current:2 - next:01100100 : current:10011000
next:8 : current:4 - next:(null) : current:01100100
IN THE END|next:8 : current:4 - next:(null) : current:01100100|
IN THE END|next:4 : current:2 - next:01100100 : current:10011000|
next:8 : current:6 - next:(null) : current:01010100
IN THE END|next:8 : current:6 - next:(null) : current:01010100|
IN THE END|next:6 : current:3 - next:01010100 : current:01100010|
next:4 : current:5 - next:01100100 : current:00001010
next:2 : current:4 - next:10011000 : current:01100100
next:3 : current:2 - next:01100010 : current:10011000
next:8 : current:3 - next:(null) : current:01100010
IN THE END|next:8 : current:3 - next:(null) : current:01100010|
next:8 : current:4 - next:(null) : current:01100100
IN THE END|next:8 : current:4 - next:(null) : current:01100100|
IN THE END|next:4 : current:2 - next:01100100 : current:10011000|
next:8 : current:5 - next:(null) : current:00001010
IN THE END|next:8 : current:5 - next:(null) : current:00001010|
IN THE END|next:5 : current:4 - next:00001010 : current:01100100|
next:3 : current:6 - next:01100010 : current:01010100
next:2 : current:3 - next:10011000 : current:01100010
next:4 : current:2 - next:01100100 : current:10011000
next:8 : current:4 - next:(null) : current:01100100
IN THE END|next:8 : current:4 - next:(null) : current:01100100|
IN THE END|next:4 : current:2 - next:01100100 : current:10011000|
next:8 : current:6 - next:(null) : current:01010100
IN THE END|next:8 : current:6 - next:(null) : current:01010100|
IN THE END|next:6 : current:3 - next:01010100 : current:01100010|
next:4 : current:5 - next:01100100 : current:00001010
next:2 : current:4 - next:10011000 : current:01100100
next:3 : current:2 - next:01100010 : current:10011000
next:8 : current:3 - next:(null) : current:01100010
IN THE END|next:8 : current:3 - next:(null) : current:01100010|
next:8 : current:4 - next:(null) : current:01100100
IN THE END|next:8 : current:4 - next:(null) : current:01100100|
IN THE END|next:4 : current:2 - next:01100100 : current:10011000|
next:8 : current:5 - next:(null) : current:00001010
IN THE END|next:8 : current:5 - next:(null) : current:00001010|
IN THE END|next:5 : current:4 - next:00001010 : current:01100100|
next:3 : current:6 - next:01100010 : current:01010100
next:2 : current:3 - next:10011000 : current:01100010
next:4 : current:2 - next:01100100 : current:10011000
next:8 : current:4 - next:(null) : current:01100100
IN THE END|next:8 : current:4 - next:(null) : current:01100100|
IN THE END|next:4 : current:2 - next:01100100 : current:10011000|
next:8 : current:6 - next:(null) : current:01010100
IN THE END|next:8 : current:6 - next:(null) : current:01010100|
IN THE END|next:6 : current:3 - next:01010100 : current:01100010|
next:4 : current:5 - next:01100100 : current:00001010
next:2 : current:4 - next:10011000 : current:01100100
next:3 : current:2 - next:01100010 : current:10011000
next:8 : current:3 - next:(null) : current:01100010
IN THE END|next:8 : current:3 - next:(null) : current:01100010|
next:8 : current:4 - next:(null) : current:01100100
IN THE END|next:8 : current:4 - next:(null) : current:01100100|
IN THE END|next:4 : current:2 - next:01100100 : current:10011000|
next:8 : current:5 - next:(null) : current:00001010
IN THE END|next:8 : current:5 - next:(null) : current:00001010|
IN THE END|next:5 : current:4 - next:00001010 : current:01100100|
next:3 : current:6 - next:01100010 : current:01010100
next:2 : current:3 - next:10011000 : current:01100010
next:4 : current:2 - next:01100100 : current:10011000
next:8 : current:4 - next:(null) : current:01100100
IN THE END|next:8 : current:4 - next:(null) : current:01100100|
IN THE END|next:4 : current:2 - next:01100100 : current:10011000|
next:8 : current:6 - next:(null) : current:01010100
IN THE END|next:8 : current:6 - next:(null) : current:01010100|
IN THE END|next:6 : current:3 - next:01010100 : current:01100010|
next:4 : current:5 - next:01100100 : current:00001010
next:2 : current:4 - next:10011000 : current:01100100
next:3 : current:2 - next:01100010 : current:10011000
next:8 : current:3 - next:(null) : current:01100010
IN THE END|next:8 : current:3 - next:(null) : current:01100010|
next:8 : current:4 - next:(null) : current:01100100
IN THE END|next:8 : current:4 - next:(null) : current:01100100|
IN THE END|next:4 : current:2 - next:01100100 : current:10011000|
next:8 : current:5 - next:(null) : current:00001010
IN THE END|next:8 : current:5 - next:(null) : current:00001010|
IN THE END|next:5 : current:4 - next:00001010 : current:01100100|
next:3 : current:6 - next:01100010 : current:01010100
next:2 : current:3 - next:10011000 : current:01100010
next:4 : current:2 - next:01100100 : current:10011000
next:8 : current:4 - next:(null) : current:01100100
IN THE END|next:8 : current:4 - next:(null) : current:01100100|
IN THE END|next:4 : current:2 - next:01100100 : current:10011000|
next:8 : current:6 - next:(null) : current:01010100
IN THE END|next:8 : current:6 - next:(null) : current:01010100|
IN THE END|next:6 : current:3 - next:01010100 : current:01100010|
next:4 : current:5 - next:01100100 : current:00001010
next:2 : current:4 - next:10011000 : current:01100100
next:3 : current:2 - next:01100010 : current:10011000
next:8 : current:3 - next:(null) : current:01100010
IN THE END|next:8 : current:3 - next:(null) : current:01100010|
next:8 : current:4 - next:(null) : current:01100100
IN THE END|next:8 : current:4 - next:(null) : current:01100100|
IN THE END|next:4 : current:2 - next:01100100 : current:10011000|
next:8 : current:5 - next:(null) : current:00001010
IN THE END|next:8 : current:5 - next:(null) : current:00001010|
IN THE END|next:5 : current:4 - next:00001010 : current:01100100|
next:3 : current:6 - next:01100010 : current:01010100
next:2 : current:3 - next:10011000 : current:01100010
next:4 : current:2 - next:01100100 : current:10011000
next:8 : current:4 - next:(null) : current:01100100
IN THE END|next:8 : current:4 - next:(null) : current:01100100|
IN THE END|next:4 : current:2 - next:01100100 : current:10011000|
next:8 : current:6 - next:(null) : current:01010100
IN THE END|next:8 : current:6 - next:(null) : current:01010100|
IN THE END|next:6 : current:3 - next:01010100 : current:01100010|















next:4 : current:5 - next:01100100 : current:00001010
next:2 : current:4 - next:10011000 : current:01100100
next:3 : current:2 - next:01100010 : current:10011000
next:8 : current:3 - next:(null) : current:01100010
IN THE END|next:8 : current:3 - next:(null) : current:01100010|
next:8 : current:4 - next:(null) : current:01100100
IN THE END|next:8 : current:4 - next:(null) : current:01100100|
IN THE END|next:4 : current:2 - next:01100100 : current:10011000|
next:8 : current:5 - next:(null) : current:00001010
IN THE END|next:8 : current:5 - next:(null) : current:00001010|
IN THE END|next:5 : current:4 - next:00001010 : current:01100100|

next:3 : current:6 - next:01100010 : current:01010100
next:2 : current:3 - next:10011000 : current:01100010
next:4 : current:2 - next:01100100 : current:10011000
next:8 : current:4 - next:(null) : current:01100100
IN THE END|next:8 : current:4 - next:(null) : current:01100100|
IN THE END|next:4 : current:2 - next:01100100 : current:10011000|
next:8 : current:6 - next:(null) : current:01010100
IN THE END|next:8 : current:6 - next:(null) : current:01010100|
IN THE END|next:6 : current:3 - next:01010100 : current:01100010|
next:4 : current:5 - next:01100100 : current:00001010
next:2 : current:4 - next:10011000 : current:01100100
next:3 : current:2 - next:01100010 : current:10011000
next:8 : current:3 - next:(null) : current:01100010
IN THE END|next:8 : current:3 - next:(null) : current:01100010|
next:8 : current:4 - next:(null) : current:01100100
IN THE END|next:8 : current:4 - next:(null) : current:01100100|
IN THE END|next:4 : current:2 - next:01100100 : current:10011000|
next:8 : current:5 - next:(null) : current:00001010
IN THE END|next:8 : current:5 - next:(null) : current:00001010|
IN THE END|next:5 : current:4 - next:00001010 : current:01100100|
next:3 : current:6 - next:01100010 : current:01010100
next:2 : current:3 - next:10011000 : current:01100010
next:4 : current:2 - next:01100100 : current:10011000
next:8 : current:4 - next:(null) : current:01100100
IN THE END|next:8 : current:4 - next:(null) : current:01100100|
IN THE END|next:4 : current:2 - next:01100100 : current:10011000|
next:8 : current:6 - next:(null) : current:01010100
IN THE END|next:8 : current:6 - next:(null) : current:01010100|
IN THE END|next:6 : current:3 - next:01010100 : current:01100010|
next:4 : current:5 - next:01100100 : current:00001010
next:2 : current:4 - next:10011000 : current:01100100
next:3 : current:2 - next:01100010 : current:10011000
next:8 : current:3 - next:(null) : current:01100010
IN THE END|next:8 : current:3 - next:(null) : current:01100010|
next:8 : current:4 - next:(null) : current:01100100
IN THE END|next:8 : current:4 - next:(null) : current:01100100|
IN THE END|next:4 : current:2 - next:01100100 : current:10011000|
next:8 : current:5 - next:(null) : current:00001010
IN THE END|next:8 : current:5 - next:(null) : current:00001010|
IN THE END|next:5 : current:4 - next:00001010 : current:01100100|
next:3 : current:6 - next:01100010 : current:01010100
next:2 : current:3 - next:10011000 : current:01100010
next:4 : current:2 - next:01100100 : current:10011000
next:8 : current:4 - next:(null) : current:01100100
IN THE END|next:8 : current:4 - next:(null) : current:01100100|
IN THE END|next:4 : current:2 - next:01100100 : current:10011000|
next:8 : current:6 - next:(null) : current:01010100
IN THE END|next:8 : current:6 - next:(null) : current:01010100|
IN THE END|next:6 : current:3 - next:01010100 : current:01100010|
next:4 : current:5 - next:01100100 : current:00001010
next:2 : current:4 - next:10011000 : current:01100100
next:3 : current:2 - next:01100010 : current:10011000
next:8 : current:3 - next:(null) : current:01100010
IN THE END|next:8 : current:3 - next:(null) : current:01100010|
next:8 : current:4 - next:(null) : current:01100100
IN THE END|next:8 : current:4 - next:(null) : current:01100100|
IN THE END|next:4 : current:2 - next:01100100 : current:10011000|
next:8 : current:5 - next:(null) : current:00001010
IN THE END|next:8 : current:5 - next:(null) : current:00001010|
IN THE END|next:5 : current:4 - next:00001010 : current:01100100|
next:3 : current:6 - next:01100010 : current:01010100
next:2 : current:3 - next:10011000 : current:01100010
next:4 : current:2 - next:01100100 : current:10011000
next:8 : current:4 - next:(null) : current:01100100
IN THE END|next:8 : current:4 - next:(null) : current:01100100|
IN THE END|next:4 : current:2 - next:01100100 : current:10011000|
next:8 : current:6 - next:(null) : current:01010100
IN THE END|next:8 : current:6 - next:(null) : current:01010100|
IN THE END|next:6 : current:3 - next:01010100 : current:01100010|
next:4 : current:5 - next:01100100 : current:00001010
next:2 : current:4 - next:10011000 : current:01100100
next:3 : current:2 - next:01100010 : current:10011000
next:8 : current:3 - next:(null) : current:01100010
IN THE END|next:8 : current:3 - next:(null) : current:01100010|
next:8 : current:4 - next:(null) : current:01100100
IN THE END|next:8 : current:4 - next:(null) : current:01100100|
IN THE END|next:4 : current:2 - next:01100100 : current:10011000|
next:8 : current:5 - next:(null) : current:00001010
IN THE END|next:8 : current:5 - next:(null) : current:00001010|
IN THE END|next:5 : current:4 - next:00001010 : current:01100100|
next:3 : current:6 - next:01100010 : current:01010100
next:2 : current:3 - next:10011000 : current:01100010
next:4 : current:2 - next:01100100 : current:10011000
next:8 : current:4 - next:(null) : current:01100100
IN THE END|next:8 : current:4 - next:(null) : current:01100100|
IN THE END|next:4 : current:2 - next:01100100 : current:10011000|
next:8 : current:6 - next:(null) : current:01010100
IN THE END|next:8 : current:6 - next:(null) : current:01010100|
IN THE END|next:6 : current:3 - next:01010100 : current:01100010|
next:4 : current:5 - next:01100100 : current:00001010
next:2 : current:4 - next:10011000 : current:01100100
next:3 : current:2 - next:01100010 : current:10011000
next:8 : current:3 - next:(null) : current:01100010
IN THE END|next:8 : current:3 - next:(null) : current:01100010|
next:8 : current:4 - next:(null) : current:01100100
IN THE END|next:8 : current:4 - next:(null) : current:01100100|
IN THE END|next:4 : current:2 - next:01100100 : current:10011000|
next:8 : current:5 - next:(null) : current:00001010
IN THE END|next:8 : current:5 - next:(null) : current:00001010|
IN THE END|next:5 : current:4 - next:00001010 : current:01100100|
next:3 : current:6 - next:01100010 : current:01010100
next:2 : current:3 - next:10011000 : current:01100010
next:4 : current:2 - next:01100100 : current:10011000
next:8 : current:4 - next:(null) : current:01100100
IN THE END|next:8 : current:4 - next:(null) : current:01100100|
IN THE END|next:4 : current:2 - next:01100100 : current:10011000|
next:8 : current:6 - next:(null) : current:01010100
IN THE END|next:8 : current:6 - next:(null) : current:01010100|
IN THE END|next:6 : current:3 - next:01010100 : current:01100010|
next:4 : current:5 - next:01100100 : current:00001010
next:2 : current:4 - next:10011000 : current:01100100
next:3 : current:2 - next:01100010 : current:10011000
next:8 : current:3 - next:(null) : current:01100010
IN THE END|next:8 : current:3 - next:(null) : current:01100010|
next:8 : current:4 - next:(null) : current:01100100
IN THE END|next:8 : current:4 - next:(null) : current:01100100|
IN THE END|next:4 : current:2 - next:01100100 : current:10011000|
next:8 : current:5 - next:(null) : current:00001010
IN THE END|next:8 : current:5 - next:(null) : current:00001010|
IN THE END|next:5 : current:4 - next:00001010 : current:01100100|
next:3 : current:6 - next:01100010 : current:01010100
next:2 : current:3 - next:10011000 : current:01100010
next:4 : current:2 - next:01100100 : current:10011000
next:8 : current:4 - next:(null) : current:01100100
IN THE END|next:8 : current:4 - next:(null) : current:01100100|
IN THE END|next:4 : current:2 - next:01100100 : current:10011000|
next:8 : current:6 - next:(null) : current:01010100
IN THE END|next:8 : current:6 - next:(null) : current:01010100|
IN THE END|next:6 : current:3 - next:01010100 : current:01100010|
next:4 : current:5 - next:01100100 : current:00001010
next:2 : current:4 - next:10011000 : current:01100100
next:3 : current:2 - next:01100010 : current:10011000
next:8 : current:3 - next:(null) : current:01100010
IN THE END|next:8 : current:3 - next:(null) : current:01100010|
next:8 : current:4 - next:(null) : current:01100100
IN THE END|next:8 : current:4 - next:(null) : current:01100100|
IN THE END|next:4 : current:2 - next:01100100 : current:10011000|
next:8 : current:5 - next:(null) : current:00001010
IN THE END|next:8 : current:5 - next:(null) : current:00001010|
IN THE END|next:5 : current:4 - next:00001010 : current:01100100|
next:3 : current:6 - next:01100010 : current:01010100
next:2 : current:3 - next:10011000 : current:01100010
next:4 : current:2 - next:01100100 : current:10011000
next:8 : current:4 - next:(null) : current:01100100
IN THE END|next:8 : current:4 - next:(null) : current:01100100|
IN THE END|next:4 : current:2 - next:01100100 : current:10011000|
next:8 : current:6 - next:(null) : current:01010100
IN THE END|next:8 : current:6 - next:(null) : current:01010100|
IN THE END|next:6 : current:3 - next:01010100 : current:01100010|
next:4 : current:5 - next:01100100 : current:00001010
next:2 : current:4 - next:10011000 : current:01100100
next:3 : current:2 - next:01100010 : current:10011000
next:8 : current:3 - next:(null) : current:01100010
IN THE END|next:8 : current:3 - next:(null) : current:01100010|
next:8 : current:4 - next:(null) : current:01100100
IN THE END|next:8 : current:4 - next:(null) : current:01100100|
IN THE END|next:4 : current:2 - next:01100100 : current:10011000|
next:8 : current:5 - next:(null) : current:00001010
IN THE END|next:8 : current:5 - next:(null) : current:00001010|
IN THE END|next:5 : current:4 - next:00001010 : current:01100100|
next:3 : current:6 - next:01100010 : current:01010100
next:2 : current:3 - next:10011000 : current:01100010
next:4 : current:2 - next:01100100 : current:10011000
next:8 : current:4 - next:(null) : current:01100100
IN THE END|next:8 : current:4 - next:(null) : current:01100100|
IN THE END|next:4 : current:2 - next:01100100 : current:10011000|
next:8 : current:6 - next:(null) : current:01010100
IN THE END|next:8 : current:6 - next:(null) : current:01010100|
IN THE END|next:6 : current:3 - next:01010100 : current:01100010|
next:4 : current:5 - next:01100100 : current:00001010
next:2 : current:4 - next:10011000 : current:01100100
next:3 : current:2 - next:01100010 : current:10011000
next:8 : current:3 - next:(null) : current:01100010
IN THE END|next:8 : current:3 - next:(null) : current:01100010|
next:8 : current:4 - next:(null) : current:01100100
IN THE END|next:8 : current:4 - next:(null) : current:01100100|
IN THE END|next:4 : current:2 - next:01100100 : current:10011000|
next:8 : current:5 - next:(null) : current:00001010
IN THE END|next:8 : current:5 - next:(null) : current:00001010|
IN THE END|next:5 : current:4 - next:00001010 : current:01100100|
next:3 : current:6 - next:01100010 : current:01010100
next:2 : current:3 - next:10011000 : current:01100010
next:4 : current:2 - next:01100100 : current:10011000
next:8 : current:4 - next:(null) : current:01100100
IN THE END|next:8 : current:4 - next:(null) : current:01100100|
IN THE END|next:4 : current:2 - next:01100100 : current:10011000|
next:8 : current:6 - next:(null) : current:01010100
IN THE END|next:8 : current:6 - next:(null) : current:01010100|
IN THE END|next:6 : current:3 - next:01010100 : current:01100010|
next:4 : current:5 - next:01100100 : current:00001010
next:2 : current:4 - next:10011000 : current:01100100
next:3 : current:2 - next:01100010 : current:10011000
next:8 : current:3 - next:(null) : current:01100010
IN THE END|next:8 : current:3 - next:(null) : current:01100010|
next:8 : current:4 - next:(null) : current:01100100
IN THE END|next:8 : current:4 - next:(null) : current:01100100|
IN THE END|next:4 : current:2 - next:01100100 : current:10011000|
next:8 : current:5 - next:(null) : current:00001010
IN THE END|next:8 : current:5 - next:(null) : current:00001010|
IN THE END|next:5 : current:4 - next:00001010 : current:01100100|
next:3 : current:6 - next:01100010 : current:01010100
next:2 : current:3 - next:10011000 : current:01100010
next:4 : current:2 - next:01100100 : current:10011000
next:8 : current:4 - next:(null) : current:01100100
IN THE END|next:8 : current:4 - next:(null) : current:01100100|
IN THE END|next:4 : current:2 - next:01100100 : current:10011000|
next:8 : current:6 - next:(null) : current:01010100
IN THE END|next:8 : current:6 - next:(null) : current:01010100|
IN THE END|next:6 : current:3 - next:01010100 : current:01100010|
next:4 : current:5 - next:01100100 : current:00001010
next:2 : current:4 - next:10011000 : current:01100100
next:3 : current:2 - next:01100010 : current:10011000
next:8 : current:3 - next:(null) : current:01100010
IN THE END|next:8 : current:3 - next:(null) : current:01100010|
next:8 : current:4 - next:(null) : current:01100100
IN THE END|next:8 : current:4 - next:(null) : current:01100100|
IN THE END|next:4 : current:2 - next:01100100 : current:10011000|
next:8 : current:5 - next:(null) : current:00001010
IN THE END|next:8 : current:5 - next:(null) : current:00001010|
IN THE END|next:5 : current:4 - next:00001010 : current:01100100|
next:3 : current:6 - next:01100010 : current:01010100
next:2 : current:3 - next:10011000 : current:01100010
next:4 : current:2 - next:01100100 : current:10011000
next:8 : current:4 - next:(null) : current:01100100
IN THE END|next:8 : current:4 - next:(null) : current:01100100|
IN THE END|next:4 : current:2 - next:01100100 : current:10011000|
next:8 : current:6 - next:(null) : current:01010100
IN THE END|next:8 : current:6 - next:(null) : current:01010100|
IN THE END|next:6 : current:3 - next:01010100 : current:01100010|
next:4 : current:5 - next:01100100 : current:00001010
next:2 : current:4 - next:10011000 : current:01100100
next:3 : current:2 - next:01100010 : current:10011000
next:8 : current:3 - next:(null) : current:01100010
IN THE END|next:8 : current:3 - next:(null) : current:01100010|
next:8 : current:4 - next:(null) : current:01100100
IN THE END|next:8 : current:4 - next:(null) : current:01100100|
IN THE END|next:4 : current:2 - next:01100100 : current:10011000|
next:8 : current:5 - next:(null) : current:00001010
IN THE END|next:8 : current:5 - next:(null) : current:00001010|
IN THE END|next:5 : current:4 - next:00001010 : current:01100100|
next:3 : current:6 - next:01100010 : current:01010100
next:2 : current:3 - next:10011000 : current:01100010
next:4 : current:2 - next:01100100 : current:10011000
next:8 : current:4 - next:(null) : current:01100100
IN THE END|next:8 : current:4 - next:(null) : current:01100100|
IN THE END|next:4 : current:2 - next:01100100 : current:10011000|
next:8 : current:6 - next:(null) : current:01010100
IN THE END|next:8 : current:6 - next:(null) : current:01010100|
IN THE END|next:6 : current:3 - next:01010100 : current:01100010|
next:4 : current:5 - next:01100100 : current:00001010
next:2 : current:4 - next:10011000 : current:01100100
next:3 : current:2 - next:01100010 : current:10011000
next:8 : current:3 - next:(null) : current:01100010
IN THE END|next:8 : current:3 - next:(null) : current:01100010|
next:8 : current:4 - next:(null) : current:01100100
IN THE END|next:8 : current:4 - next:(null) : current:01100100|
IN THE END|next:4 : current:2 - next:01100100 : current:10011000|
next:8 : current:5 - next:(null) : current:00001010
IN THE END|next:8 : current:5 - next:(null) : current:00001010|
IN THE END|next:5 : current:4 - next:00001010 : current:01100100|
next:3 : current:6 - next:01100010 : current:01010100
next:2 : current:3 - next:10011000 : current:01100010
next:4 : current:2 - next:01100100 : current:10011000
next:8 : current:4 - next:(null) : current:01100100
IN THE END|next:8 : current:4 - next:(null) : current:01100100|
IN THE END|next:4 : current:2 - next:01100100 : current:10011000|
next:8 : current:6 - next:(null) : current:01010100
IN THE END|next:8 : current:6 - next:(null) : current:01010100|
IN THE END|next:6 : current:3 - next:01010100 : current:01100010|
next:4 : current:5 - next:01100100 : current:00001010
next:2 : current:4 - next:10011000 : current:01100100
next:3 : current:2 - next:01100010 : current:10011000
next:8 : current:3 - next:(null) : current:01100010
IN THE END|next:8 : current:3 - next:(null) : current:01100010|
next:8 : current:4 - next:(null) : current:01100100
IN THE END|next:8 : current:4 - next:(null) : current:01100100|
IN THE END|next:4 : current:2 - next:01100100 : current:10011000|
next:8 : current:5 - next:(null) : current:00001010
IN THE END|next:8 : current:5 - next:(null) : current:00001010|
IN THE END|next:5 : current:4 - next:00001010 : current:01100100|
next:3 : current:6 - next:01100010 : current:01010100
next:2 : current:3 - next:10011000 : current:01100010
next:4 : current:2 - next:01100100 : current:10011000
next:8 : current:4 - next:(null) : current:01100100
IN THE END|next:8 : current:4 - next:(null) : current:01100100|
IN THE END|next:4 : current:2 - next:01100100 : current:10011000|
next:8 : current:6 - next:(null) : current:01010100
IN THE END|next:8 : current:6 - next:(null) : current:01010100|
IN THE END|next:6 : current:3 - next:01010100 : current:01100010|
next:4 : current:5 - next:01100100 : current:00001010
next:2 : current:4 - next:10011000 : current:01100100
next:3 : current:2 - next:01100010 : current:10011000
next:8 : current:3 - next:(null) : current:01100010
IN THE END|next:8 : current:3 - next:(null) : current:01100010|
next:8 : current:4 - next:(null) : current:01100100
IN THE END|next:8 : current:4 - next:(null) : current:01100100|
IN THE END|next:4 : current:2 - next:01100100 : current:10011000|
next:8 : current:5 - next:(null) : current:00001010
IN THE END|next:8 : current:5 - next:(null) : current:00001010|
IN THE END|next:5 : current:4 - next:00001010 : current:01100100|
next:3 : current:6 - next:01100010 : current:01010100
next:2 : current:3 - next:10011000 : current:01100010
next:4 : current:2 - next:01100100 : current:10011000
next:8 : current:4 - next:(null) : current:01100100
IN THE END|next:8 : current:4 - next:(null) : current:01100100|
IN THE END|next:4 : current:2 - next:01100100 : current:10011000|
next:8 : current:6 - next:(null) : current:01010100
IN THE END|next:8 : current:6 - next:(null) : current:01010100|
IN THE END|next:6 : current:3 - next:01010100 : current:01100010|
next:4 : current:5 - next:01100100 : current:00001010
next:2 : current:4 - next:10011000 : current:01100100
next:3 : current:2 - next:01100010 : current:10011000
next:8 : current:3 - next:(null) : current:01100010
IN THE END|next:8 : current:3 - next:(null) : current:01100010|
